971:[[1,0,0,0,0,3/7,-830/231,-776/357,-10/7,1],[0,1,0,0,0,1,-830/231,-704/357,-62254/40663,1],[0,0,1,0,0,1,1,1,1,1],[0,0,0,1,0,-1,-1660/7469,-704/357,-4/7,1],[0,0,0,0,1,-929/875,0,-776/357,-4/7,1]]
709:[[1,0,0,0,0,1,1,1,1,1],[0,1,0,0,0,1,-1/2,-2/5,5/4,0],[0,0,1,0,0,1,-1/4,0,11/8,1],[0,0,0,1,0,1,1,-4,3/2,-4],[0,0,0,0,1,1,0,-9/5,3/2,-3]]
622:[[1,0,0,0,0,1,1/4,1/2,7/19,1/2],[0,1,0,0,0,1,-1/11,-1/22,-1/11,0],[0,0,1,0,0,1,1,1,1,1],[0,0,0,1,0,1,1/4,0,1,1/4],[0,0,0,0,1,1,0,3/10,1/5,2/5]]
781:[[1,0,0,0,0,-67/33,-4/33,1,-4/33,-8/3],[0,1,0,0,0,107/132,32/33,1,1/3,1/3],[0,0,1,0,0,8/33,32/33,1,8/33,-8/3],[0,0,0,1,0,1,1,1,1,1],[0,0,0,0,1,1,4/3,1,0,4/3]]
306:[[1,0,0,0,0,-365/18,0,-8103/670,-3/2,1],[0,1,0,0,0,1,1,1,1,1],[0,0,1,0,0,-3/2,-3/2,-3/2,0,1],[0,0,0,1,0,-317/189,-7031/1082,-8/5,-3/2,1],[0,0,0,0,1,-1/9,-3/2,0,-3/2,1]]
320:[[1,0,0,0,0,56496475/67544928,175/396,1,175/396,175/396],[0,1,0,0,0,1,1,1,1,1],[0,0,1,0,0,10/9,275/221,1,135/466,10/9],[0,0,0,1,0,10/9,10/9,1,0,1],[0,0,0,0,1,10/9,-4/7,1,10/9,-5/2]]
740:[[1,0,0,0,0,9/475,1,-1,-1,3/19],[0,1,0,0,0,-100/133,1,7/4,-100/133,3/19],[0,0,1,0,0,9/475,1,21/100,-233/475,42/475],[0,0,0,1,0,1,1,1,1,1],[0,0,0,0,1,1,1,7/4,-1,0]]
871:[[1,0,0,0,0,1,2/3,-341/179,-1/5,-341/179],[0,1,0,0,0,1,1,1,1,1],[0,0,1,0,0,1,0,-1121/895,-767/1645,-81479/58891],[0,0,0,1,0,1,2/3,-3/5,-241/329,-241/329],[0,0,0,0,1,1,-2/3,-3/5,-1/5,-2/3]]
316:[[1,0,0,0,0,308/459,0,-1/7,-1/7,1],[0,1,0,0,0,1,1,1,1,1],[0,0,1,0,0,61/96,61/96,61/96,0,1],[0,0,0,1,0,11/18,55/138,7/6,-1/7,1],[0,0,0,0,1,5/9,-1/7,0,-1/7,1]]
309:[[1,0,0,0,0,79/56,1,-1,19/35,1],[0,1,0,0,0,103/72,1,-1,5/9,1195/1179],[0,0,1,0,0,7/8,1,-1,0,5/9],[0,0,0,1,0,1,1,1,1,1],[0,0,0,0,1,5/9,1,0,5/9,5/9]]
705:[[1,0,0,0,0,7/2,-1/4,-1/4,1,1],[0,1,0,0,0,7/2,5/4,2,1,-1],[0,0,1,0,0,5/4,1/8,-1/4,1,1/2],[0,0,0,1,0,2,1,2,1,0],[0,0,0,0,1,1,1,1,1,1]]
174:[[1,0,0,0,0,1,1,1,1,0],[0,1,0,0,0,1,-5/4,-2,1/4,0],[0,0,1,0,0,1,5/2,3,0,1],[0,0,0,1,0,1,5/8,1,1/4,1/2],[0,0,0,0,1,1,0,1/3,1/3,2/3]]
190:[[1,0,0,0,0,1,1,1,1,0],[0,1,0,0,0,1,1/6,-1/6,1/3,0],[0,0,1,0,0,1,-1/4,5/12,0,1],[0,0,0,1,0,1,-1,1,-1,3],[0,0,0,0,1,1,0,2/9,1/3,2/3]]
698:[[1,0,0,0,0,0,-28/5,1,-6/5,1],[0,1,0,0,0,-7/3,-7/3,-4/3,-1,1],[0,0,1,0,0,-7/3,-7/15,-8/3,-7/15,1],[0,0,0,1,0,1,1,1,1,1],[0,0,0,0,1,-1,-3,0,-1,1]]
304:[[1,0,0,0,0,19/6,1/2,1/2,1,11/6],[0,1,0,0,0,4/3,1/2,0,1,11/12],[0,0,1,0,0,2/7,1/2,-2,1,0],[0,0,0,1,0,1,1,1,1,1],[0,0,0,0,1,-2,0,-2,1,-2]]
328:[[1,0,0,0,0,1,1,1,1,1],[0,1,0,0,0,1,-7/9,1,-7/9,-7/9],[0,0,1,0,0,1,670/81,-1,-733/729,-7/9],[0,0,0,1,0,1,-7/9,-1,0,-747/751],[0,0,0,0,1,1,-77/81,-1,-7/9,-10]]
858:[[1,0,0,0,0,1,-16/699,-4/165,0,-41/466],[0,1,0,0,0,1,1,1,1,1],[0,0,1,0,0,1,246/233,521/495,10/9,1],[0,0,0,1,0,1,-16/699,-68/1485,10/9,-7/6],[0,0,0,0,1,1,0,-4/165,5/4,-7/6]]
276:[[1,0,0,0,0,1,1,1,1,1],[0,1,0,0,0,1,-2,-9/4,0,-1/2],[0,0,1,0,0,1,-2,9/2,-6,1],[0,0,0,1,0,1,1,-9/4,1,-3/10],[0,0,0,0,1,1,0,-3/4,2/9,-1/6]]
286:[[1,0,0,0,0,1,-369/95,-3,-3,-3],[0,1,0,0,0,1,1,1,1,1],[0,0,1,0,0,1,-9/5,3/10,-3,-4218/3001],[0,0,0,1,0,1,-9/5,-157/60,-4/3,-4/3],[0,0,0,0,1,1,-9/5,3/10,5/8,-3]]
73:[[1,0,0,0,0,1,-2755520/26573067,-8/9,-8/9,-8/9],[0,1,0,0,0,1,1,1,1,1],[0,0,1,0,0,1,-8/9,-48361/28184,-8/9,-7/4],[0,0,0,1,0,1,-8/9,5/7,-8/9,3/5],[0,0,0,0,1,1,-8/9,-8/9,1/5,-8/9]]
395:[[1,0,0,0,0,161/8350,7/835,-924/30895,1,7/3],[0,1,0,0,0,7/835,7/835,7/835,1,1],[0,0,1,0,0,1,1,1,1,1],[0,0,0,1,0,-2877/4175,-7/10,7/835,1,7/3],[0,0,0,0,1,-7/10,-5/7,0,1,7/3]]
783:[[1,0,0,0,0,1,1,1,1,1],[0,1,0,0,0,1,1/2,-1/3,-1/3,0],[0,0,1,0,0,1,15/32,0,-3/8,3/16],[0,0,0,1,0,1,1,17/21,1/3,7/9],[0,0,0,0,1,1,0,-1/3,1/3,-1/3]]
775:[[1,0,0,0,0,1,1,4/9,11/36,34/9],[0,1,0,0,0,1,3/5,0,1/4,2],[0,0,1,0,0,1,6,2,1,6],[0,0,0,1,0,1,1,1,1,1],[0,0,0,0,1,1,0,2,1/2,2]]
326:[[1,0,0,0,0,1,1,1,1,1],[0,1,0,0,0,5/11,1,1,0,1/4],[0,0,1,0,0,3/11,-1/6,1,-1/3,0],[0,0,0,1,0,4/11,0,1,-1/2,1/2],[0,0,0,0,1,5/11,0,1,-1/3,-2]]
99:[[1,0,0,0,0,731/666,1,1,10/9,10/9],[0,1,0,0,0,71/72,5/8,1,10/9,10/9],[0,0,1,0,0,3/8,3/8,1,3/8,0],[0,0,0,1,0,1,1,1,1,1],[0,0,0,0,1,3/8,3/8,1,1/2,10/9]]
303:[[1,0,0,0,0,1,1/2,-25/28,0,10/7],[0,1,0,0,0,1,3/10,-1,-2/5,50/41],[0,0,1,0,0,1,1,1,1,1],[0,0,0,1,0,1,-13/15,0,-4/3,0],[0,0,0,0,1,1,0,-1,-1,1]]
21:[[1,0,0,0,0,160/163,15/2,1,5/9,0],[0,1,0,0,0,4/5,-7/4,1,5/9,0],[0,0,1,0,0,2,2,1,-7/9,0],[0,0,0,1,0,1,1,1,1,1],[0,0,0,0,1,1,1,1,1,1/4]]
736:[[1,0,0,0,0,1,4,0,16/3,7/3],[0,1,0,0,0,1,-20/7,-20/7,-12,0],[0,0,1,0,0,1,1,1,1,1],[0,0,0,1,0,1,4,-20/7,316/43,4],[0,0,0,0,1,1,0,-5/7,1,-5/4]]
101:[[1,0,0,0,0,-1/2,11/10,0,1,11/10],[0,1,0,0,0,0,11/10,11/10,1,11/10],[0,0,1,0,0,-1/2,221/185,-1/2,1,8/5],[0,0,0,1,0,1,1,1,1,1],[0,0,0,0,1,-1/2,4/3,-1/2,1,3]]
749:[[1,0,0,0,0,-7/2,7/16,49/16,1,7/16],[0,1,0,0,0,0,13/20,7/12,1,3/4],[0,0,1,0,0,-7/2,1,-7/2,1,3/4],[0,0,0,1,0,1,1,1,1,1],[0,0,0,0,1,-1/2,-1/5,0,1,-1/2]]
59:[[1,0,0,0,0,1/3,1/4,1,1/3,1/3],[0,1,0,0,0,1,1,1,1,1],[0,0,1,0,0,1/6,1/3,1,1/3,1/3],[0,0,0,1,0,1/3,1/3,1,21/53,2/5],[0,0,0,0,1,1/3,1/3,1,1,2]]
177:[[1,0,0,0,0,1,1,1,1,0],[0,1,0,0,0,1,1/10,1/4,-1/5,0],[0,0,1,0,0,1,-1/5,0,3/5,1],[0,0,0,1,0,1,2/5,1,-1/5,-1],[0,0,0,0,1,1,0,1/3,1/3,5/3]]
288:[[1,0,0,0,0,1,1,1,1,1],[0,1,0,0,0,1,-4,-4,-3,0],[0,0,1,0,0,1,4/5,0,1/5,4/5],[0,0,0,1,0,1,0,8/7,1,8/7],[0,0,0,0,1,1,0,-4/7,-1/3,4/7]]
301:[[1,0,0,0,0,1,1,1,1,1],[0,1,0,0,0,-1/2,-13/11,0,1,-7/54],[0,0,1,0,0,-4/13,-13/11,1/3,1,0],[0,0,0,1,0,-1/5,-13/11,-3,1,1/3],[0,0,0,0,1,1/3,0,1/3,1,1/3]]
165:[[1,0,0,0,0,1,1,1,1,0],[0,1,0,0,0,1,-8,16,40,0],[0,0,1,0,0,1,-2,6,40,1],[0,0,0,1,0,1,-1/2,1,15/2,1/4],[0,0,0,0,1,1,0,-2/3,-10/3,-1/9]]
317:[[1,0,0,0,0,1,5/9,1,5/9,5/9],[0,1,0,0,0,1,1,1,1,1],[0,0,1,0,0,-1,-5/6,1,-5/51,20/21],[0,0,0,1,0,-1,-1,1,0,1],[0,0,0,0,1,-1,-2/7,1,-1,3/2]]
773:[[1,0,0,0,0,981750/990659,981750/990659,525/9434,1,1168650/990659],[0,1,0,0,0,9345/18254,84/8993,525/9434,1,0],[0,0,1,0,0,105/106,1,0,1,25/21],[0,0,0,1,0,1,1,1,1,1],[0,0,0,0,1,105/106,0,105/106,1,-20]]
19:[[1,0,0,0,0,1,1,1,1,1],[0,1,0,0,0,1,-19/69,-1/2,1,1],[0,0,1,0,0,1,0,0,105/989,-9/25],[0,0,0,1,0,1,-19/13,-11,1,1],[0,0,0,0,1,1,0,0,-25,15/22]]
333:[[1,0,0,0,0,1,1,1,1,1],[0,1,0,0,0,1,7,-45/1237,7,7],[0,0,1,0,0,1,103,3/5,1333/3,7],[0,0,0,1,0,1,7,3/5,0,1],[0,0,0,0,1,1,-203/3,3/5,7,9/13]]
878:[[1,0,0,0,0,1,14136/15851,61599/63404,0,-3/2],[0,1,0,0,0,1,1,1,1,1],[0,0,1,0,0,1,-2356/79255,1/20,-248/95,-781/190],[0,0,0,1,0,1,14136/15851,1,-248/95,-3069/361],[0,0,0,0,1,1,0,1/20,-16/17,-3/2]]
313:[[1,0,0,0,0,1,6408/1145,1027/229,0,-2047/1145],[0,1,0,0,0,1,267/133,9/4,2047/3192,0],[0,0,1,0,0,1,1,1,1,1],[0,0,0,1,0,1,0,-15/23,72/95,1],[0,0,0,0,1,1,0,9/4,9/4,8]]
584:[[1,0,0,0,0,1,1,1,0,1],[0,1,0,0,0,1,1/2,4,1,-3],[0,0,1,0,0,1,1/2,0,1/12,1],[0,0,0,1,0,1,1,4,-1/2,9/5],[0,0,0,0,1,1,0,-4/5,-1/2,-3]]
61:[[1,0,0,0,0,1,1,1,1,1],[0,1,0,0,0,1,1,7/2,0,1],[0,0,1,0,0,1,-1,-7/2,7/12,-1],[0,0,0,1,0,1,-1,-6,1,-29/19],[0,0,0,0,1,1,0,-6,1,-1]]
513:[[1,0,0,0,0,1,1,1,0,1],[0,1,0,0,0,1,3/2,3/10,1,3/2],[0,0,1,0,0,1,8/5,8/25,3/5,0],[0,0,0,1,0,1,8/5,8/5,1,8],[0,0,0,0,1,1,0,-24/5,-1,-6]]
184:[[1,0,0,0,0,1,1,1,1,1],[0,1,0,0,0,1,16/15,8/5,4/5,4/5],[0,0,1,0,0,1,8/9,0,2,0],[0,0,0,1,0,1,2/3,1,2,-1],[0,0,0,0,1,1,0,4,4,-2]]
66:[[1,0,0,0,0,1,1,1,1,1],[0,1,0,0,0,1,1,6,-22/3,1],[0,0,1,0,0,1,-1,-6,6,-1],[0,0,0,1,0,1,-1/4,-1,1,0],[0,0,0,0,1,1,0,-1,1,-1]]
36:[[1,0,0,0,0,1,1,0,1,1],[0,1,0,0,0,1,0,1,1,1],[0,0,1,0,0,1,1/2,1/2,0,2/3],[0,0,0,1,0,1,1/3,1/3,1/3,7/9],[0,0,0,0,1,1,0,0,1/7,1/3]]
281:[[1,0,0,0,0,1,1,1,1,1],[0,1,0,0,0,1,26/9,-6,0,2/3],[0,0,1,0,0,1,26/5,-54/5,-4/5,6/5],[0,0,0,1,0,1,26/5,-6,1,-6],[0,0,0,0,1,1,0,4,1,2/3]]
229:[[1,0,0,0,0,1,1,1,1,1],[0,1,0,0,0,1,-1/11,1/12,0,1],[0,0,1,0,0,1,-1357/803,-92/73,-27071/5329,-1104/73],[0,0,0,1,0,1,1,-92/73,1,12],[0,0,0,0,1,1,0,-1/4,-1/4,-3]]
191:[[1,0,0,0,0,1,1,1,1,0],[0,1,0,0,0,1,-1/3,5/3,-1,0],[0,0,1,0,0,1,-1,0,-2,1],[0,0,0,1,0,1,-1/5,1,-1/5,1/5],[0,0,0,0,1,1,0,5/4,1/4,1/4]]
684:[[1,0,0,0,0,1,1,1,1,1],[0,1,0,0,0,1,-6/5,3,-3/5,0],[0,0,1,0,0,1,-2/5,9/2,-3/5,1],[0,0,0,1,0,1,1,9/2,-3,-5/2],[0,0,0,0,1,1,0,6,-3,-6]]
260:[[1,0,0,0,0,1,1,0,1,0],[0,1,0,0,0,1,2/3,1,0,1],[0,0,1,0,0,1,15/17,6/17,11/51,1],[0,0,0,1,0,1,5/3,18,1,-9],[0,0,0,0,1,1,0,18,-2/3,6]]
257:[[1,0,0,0,0,1,1,1,1,1],[0,1,0,0,0,1,33/80,-11/36,0,11/12],[0,0,1,0,0,1,1/2,-1/9,7/11,1/3],[0,0,0,1,0,1,1,-2/9,1,-2/9],[0,0,0,0,1,1,0,-2/9,-3,2/3]]
713:[[1,0,0,0,0,1,1,0,1,1],[0,1,0,0,0,1,-9/2,1,-3,0],[0,0,1,0,0,1,-6,14/9,-3,1],[0,0,0,1,0,1,1,-7/18,1/3,-1/6],[0,0,0,0,1,1,0,1/6,1/3,1/2]]
771:[[1,0,0,0,0,1,1,1,1,1],[0,1,0,0,0,1,5/16,1/3,1/5,1/3],[0,0,1,0,0,1,-3/7,-1/3,0,-2/3],[0,0,0,1,0,1,1,1/3,-2,14/9],[0,0,0,0,1,1,0,-1/3,-3/5,1/3]]
90:[[1,0,0,0,0,1,1,0,1,1],[0,1,0,0,0,1,-1,0,-1,2],[0,0,1,0,0,1,-1,1,0,4],[0,0,0,1,0,1,1,3/5,-2,4],[0,0,0,0,1,1,0,1/2,-1,4]]
262:[[1,0,0,0,0,1,1,1,1,1],[0,1,0,0,0,1,3/8,3/8,0,1],[0,0,1,0,0,1,42/37,-7/148,35/37,-14/111],[0,0,0,1,0,1,1,0,1,-1/9],[0,0,0,0,1,1,0,-1/4,-1,-2/3]]
85:[[1,0,0,0,0,1,1,0,1,1],[0,1,0,0,0,1,-3/4,0,-3/4,-1/6],[0,0,1,0,0,1,3/2,1,21/8,1/3],[0,0,0,1,0,1,1,4/7,3/2,1/3],[0,0,0,0,1,1,0,-2,-3/4,1/3]]
920:[[1,0,0,0,0,1,1,1,1,1],[0,1,0,0,0,1,-9,21,-3/7,-3/7],[0,0,1,0,0,1,-21,21,1/3,-1],[0,0,0,1,0,1,1,13/9,1/3,13/9],[0,0,0,0,1,1,0,7/3,-1,2/3]]
18:[[1,0,0,0,0,1,1,1,1,1],[0,1,0,0,0,1,-51/209,6/19,-1/38,1],[0,0,1,0,0,1,1,2/3,1/2,1],[0,0,0,1,0,1,0,3,-1/4,1],[0,0,0,0,1,1,0,0,0,-6]]
3:[[1,0,0,0,0,1,1,0,1,1],[0,1,0,0,0,1,1/2,1,1/2,1],[0,0,1,0,0,1,1,2,0,1],[0,0,0,1,0,1,0,2,1,1],[0,0,0,0,1,1,0,0,0,-3]]
151:[[1,0,0,0,0,1,1,1,0,1],[0,1,0,0,0,1,2/3,-1/4,1,238/93],[0,0,1,0,0,1,38/33,69/44,1,38/33],[0,0,0,1,0,1,2/3,2/3,-1,2/3],[0,0,0,0,1,1,0,-1/4,1,-2/3]]
2:[[1,0,0,0,0,1,1,0,1,1],[0,1,0,0,0,1,4,0,1,1],[0,0,1,0,0,1,0,1,3,1],[0,0,0,1,0,1,0,-1/3,3,1],[0,0,0,0,1,1,0,0,0,-6]]
65:[[1,0,0,0,0,1,1,1,1,1],[0,1,0,0,0,1,1,-7/5,8/5,1],[0,0,1,0,0,1,2/3,-14/15,7/5,2/3],[0,0,0,1,0,1,2/3,-2/3,1,-2/3],[0,0,0,0,1,1,0,-2/3,1,2/3]]
268:[[1,0,0,0,0,1,1,1,1,1],[0,1,0,0,0,1,8/3,-8,0,1],[0,0,1,0,0,1,8/3,-14/3,2/3,7/12],[0,0,0,1,0,1,1,-4,1,7/32],[0,0,0,0,1,1,0,-2,2/3,1/4]]
758:[[1,0,0,0,0,1,1,1,1,1],[0,1,0,0,0,1,-1/4,484/29,11,0],[0,0,1,0,0,1,90/91,0,99/91,363/364],[0,0,0,1,0,1,1,484/29,0,121/120],[0,0,0,0,1,1,0,120/29,3,1/4]]
730:[[1,0,0,0,0,1,1,0,1,1],[0,1,0,0,0,1,3/14,1,23/112,0],[0,0,1,0,0,1,72/359,336/359,6601/31951,552/359],[0,0,0,1,0,1,1,336/359,0,23/3],[0,0,0,0,1,1,0,84/89,1/4,6]]
6:[[1,0,0,0,0,1,1,1,1,1],[0,1,0,0,0,1,-2/3,1,1,1],[0,0,1,0,0,1,0,-9/11,-1/3,1],[0,0,0,1,0,1,0,6,-2,1],[0,0,0,0,1,1,0,0,0,3]]
714:[[1,0,0,0,0,1,1,1,1,1],[0,1,0,0,0,1,-3/10,13/10,-3/10,0],[0,0,1,0,0,1,-15/26,47/6,5/2,1],[0,0,0,1,0,1,1,-26/15,-10/3,-26/15],[0,0,0,0,1,1,0,2,-10/3,-2/3]]
111:[[1,0,0,0,0,1,1,0,1,0],[0,1,0,0,0,1,-3/2,1,-1/2,1],[0,0,1,0,0,1,9/2,4,11/2,1],[0,0,0,1,0,1,-3/2,-2,-1/2,-5/7],[0,0,0,0,1,1,0,-2,1,-1/2]]
4:[[1,0,0,0,0,1,1,1,1,1],[0,1,0,0,0,1,15/7,3,1,1],[0,0,1,0,0,1,-1/3,-1/4,1,1],[0,0,0,1,0,1,0,0,2/3,1],[0,0,0,0,1,1,0,0,0,-2]]
106:[[1,0,0,0,0,1,1,0,1,0],[0,1,0,0,0,1,5/4,1,1/4,1],[0,0,1,0,0,1,5/6,2/3,0,-1/6],[0,0,0,1,0,1,5/4,2/3,1/4,1/4],[0,0,0,0,1,1,0,-2,-1/2,1/2]]
747:[[1,0,0,0,0,1,1,1,1,1],[0,1,0,0,0,1,1001/4926,350/821,1001/4926,0],[0,0,1,0,0,1,-143/3625,-12/145,-1/24,-12/145],[0,0,0,1,0,1,1,-4200/20449,27949/24024,300/143],[0,0,0,0,1,1,0,1/4,-1/24,-6]]
112:[[1,0,0,0,0,1,1,0,1,0],[0,1,0,0,0,1,119/19,1,-19,1],[0,0,1,0,0,1,119/24,1,-331/24,19/24],[0,0,0,1,0,1,119/19,24/19,-19,20/19],[0,0,0,0,1,1,0,-6/19,6,-1/4]]
256:[[1,0,0,0,0,1,1,1,1,1],[0,1,0,0,0,1,7/3,-7,0,7/3],[0,0,1,0,0,1,5/4,-1/2,13/14,1/6],[0,0,0,1,0,1,1,-1/3,1,-1/3],[0,0,0,0,1,1,0,2,2,-2/3]]
69:[[1,0,0,0,0,1,1,0,1,0],[0,1,0,0,0,1,1,1,2,0],[0,0,1,0,0,1,-1/4,-3/2,3/4,1],[0,0,0,1,0,1,-3/2,1,-1/2,-2],[0,0,0,0,1,1,0,-2,1,1]]
242:[[1,0,0,0,0,1,1,1,1,1],[0,1,0,0,0,1,2/7,-3/2,0,1],[0,0,1,0,0,1,23/25,18/25,37/25,-12/25],[0,0,0,1,0,1,1,9,1,9],[0,0,0,0,1,1,0,9,-2/3,-6]]
173:[[1,0,0,0,0,1,1,1,1,1],[0,1,0,0,0,1,-1/3,-1,-1/9,-1/3],[0,0,1,0,0,1,1/3,0,-1/9,0],[0,0,0,1,0,1,1/3,1,4/9,2/3],[0,0,0,0,1,1,0,1/2,1/6,1/4]]
271:[[1,0,0,0,0,1,1,0,1,1],[0,1,0,0,0,1,1/4,1,0,-3],[0,0,1,0,0,1,-7/36,-1/3,-4/39,1],[0,0,0,1,0,1,1,2,1,-36/7],[0,0,0,0,1,1,0,2,-1,-6]]
104:[[1,0,0,0,0,1,1,0,1,0],[0,1,0,0,0,1,-23/9,1,1/9,1],[0,0,1,0,0,1,23/27,1,-13/27,-1/3],[0,0,0,1,0,1,-23/9,-2,1/9,-8],[0,0,0,0,1,1,0,-3,-1/3,1]]
35:[[1,0,0,0,0,1,1,0,1,1],[0,1,0,0,0,1,0,1,1,1],[0,0,1,0,0,1,4/3,-1/3,-4/3,0],[0,0,0,1,0,1,2/3,-1/6,-1/6,1/2],[0,0,0,0,1,1,0,0,-4/3,4]]
87:[[1,0,0,0,0,1,1,0,1,1],[0,1,0,0,0,1,-2,0,-2,-8],[0,0,1,0,0,1,-2,1,-3,-2],[0,0,0,1,0,1,-3/4,1/6,-1/2,-2],[0,0,0,0,1,1,0,1/3,1,-2]]
232:[[1,0,0,0,0,1,1,1,1,1],[0,1,0,0,0,1,-3/5,13/5,0,1],[0,0,1,0,0,1,-7/3,13/3,-1/4,5/3],[0,0,0,1,0,1,1,13/3,1,8/3],[0,0,0,0,1,1,0,-26/15,-1/4,-2/3]]
15:[[1,0,0,0,0,1,1,1,1,1],[0,1,0,0,0,1,-49/23,-1/23,-9/23,1],[0,0,1,0,0,1,1,1/4,0,1],[0,0,0,1,0,1,0,2/3,6,1],[0,0,0,0,1,1,0,0,0,-1/4]]
179:[[1,0,0,0,0,1,1,1,1,0],[0,1,0,0,0,1,-7,7/3,7,0],[0,0,1,0,0,1,-5,2,7,1],[0,0,0,1,0,1,-3,1,4,2],[0,0,0,0,1,1,0,-1/2,-1/2,-1/4]]
231:[[1,0,0,0,0,1,1,0,1,1],[0,1,0,0,0,1,3/4,1,0,1],[0,0,1,0,0,1,8/7,-4/7,44/49,-4/7],[0,0,0,1,0,1,1,-4/7,1,-1/3],[0,0,0,0,1,1,0,-2,6,-2]]
44:[[1,0,0,0,0,1,1,0,1,1],[0,1,0,0,0,1,0,1,1,1],[0,0,1,0,0,1,1/2,1/2,-1,5/2],[0,0,0,1,0,1,1/5,1/5,1/5,8/5],[0,0,0,0,1,1,0,0,1/2,4]]
167:[[1,0,0,0,0,1,1,1,1,1],[0,1,0,0,0,1,95/96,19/24,1,19/24],[0,0,1,0,0,1,5/4,6,30/19,0],[0,0,0,1,0,1,5/4,1,30/19,-5],[0,0,0,0,1,1,0,6,-36/19,6]]
236:[[1,0,0,0,0,1,1,1,1,1],[0,1,0,0,0,1,3/11,9,0,1],[0,0,1,0,0,1,39/38,27/38,35/38,3/38],[0,0,0,1,0,1,1,9,1,9],[0,0,0,0,1,1,0,-27,-1/3,-3]]
744:[[1,0,0,0,0,1,1,1,1,1],[0,1,0,0,0,1,-4/5,8/5,-4/5,0],[0,0,1,0,0,1,2,-4,-2,4/3],[0,0,0,1,0,1,1,0,-1/2,2/3],[0,0,0,0,1,1,0,2,-2,1/3]]
270:[[1,0,0,0,0,1,1,0,1,1],[0,1,0,0,0,1,2/3,1,0,1],[0,0,1,0,0,1,20/9,-5/9,70/81,-5/9],[0,0,0,1,0,1,1,-5/9,1,-1/4],[0,0,0,0,1,1,0,-1,2,-1]]
529:[[1,0,0,0,0,1,1,1,0,1],[0,1,0,0,0,1,4,4/5,1,3],[0,0,1,0,0,1,4/5,36/25,1/5,1],[0,0,0,1,0,1,4/5,4/5,-1/3,5/9],[0,0,0,0,1,1,0,2/5,-1/3,-1/3]]
252:[[1,0,0,0,0,1,1,1,1,1],[0,1,0,0,0,1,3/4,91/92,0,3/4],[0,0,1,0,0,1,88/87,2002/2001,33/29,22/29],[0,0,0,1,0,1,1,91/92,1,-2],[0,0,0,0,1,1,0,182/207,-1/3,2/3]]
248:[[1,0,0,0,0,1,1,0,1,1],[0,1,0,0,0,1,5/7,1,0,5/7],[0,0,1,0,0,1,3/5,7/5,-3/4,1],[0,0,0,1,0,1,1,14/15,1,-1/3],[0,0,0,0,1,1,0,14/5,-6,2]]
204:[[1,0,0,0,0,1,1,1,0,1],[0,1,0,0,0,1,3/4,19/16,1,9/16],[0,0,1,0,0,1,3/7,0,1,0],[0,0,0,1,0,1,12/19,1,28/19,81/361],[0,0,0,0,1,1,0,19/7,4,-3]]
23:[[1,0,0,0,0,1,1,1,1,1],[0,1,0,0,0,1,0,1/2,1,1],[0,0,1,0,0,1,2,1,0,8],[0,0,0,1,0,1,2,1,2,-6],[0,0,0,0,1,1,0,0,-6,-6]]
770:[[1,0,0,0,0,1,1,1,1,0],[0,1,0,0,0,1,-5,7/4,-1/2,1],[0,0,1,0,0,1,6,3,0,2],[0,0,0,1,0,1,1,7/4,5/2,1/3],[0,0,0,0,1,1,0,3,-3,1]]
11:[[1,0,0,0,0,1,1,1,1,1],[0,1,0,0,0,1,1/13,-3/13,9/13,1],[0,0,1,0,0,1,1,-3,0,1],[0,0,0,1,0,1,0,-1/3,1,1],[0,0,0,0,1,1,0,0,0,2]]
209:[[1,0,0,0,0,1,1,1,1,0],[0,1,0,0,0,1,323/327,85/109,119/109,0],[0,0,1,0,0,1,19/18,0,7/12,1],[0,0,0,1,0,1,19/15,1,0,6/5],[0,0,0,0,1,1,0,-5,7/2,-6]]
53:[[1,0,0,0,0,1,1,1,1,1],[0,1,0,0,0,1,0,81/101,1,1],[0,0,1,0,0,1,4,1,-2/3,29/9],[0,0,0,1,0,1,4,1,2,-1/3],[0,0,0,0,1,1,0,0,-2,-2]]
211:[[1,0,0,0,0,1,1,1,1,0],[0,1,0,0,0,1,1,49/6,1,1],[0,0,1,0,0,1,6/49,1/6,0,1/7],[0,0,0,1,0,1,6/49,1,-30/13,6/7],[0,0,0,0,1,1,0,7/6,-6,1]]
64:[[1,0,0,0,0,1,1,1,1,1],[0,1,0,0,0,1,1,-1/16,11/62,1],[0,0,1,0,0,1,4,-1/4,-2,4],[0,0,0,1,0,1,4,1/8,1,0],[0,0,0,0,1,1,0,1/8,1,4]]
864:[[1,0,0,0,0,1,1,1,1,0],[0,1,0,0,0,1,1/3,4/9,2/15,1],[0,0,1,0,0,1,-4/5,7/3,-1,1],[0,0,0,1,0,1,1,1/3,-1,2],[0,0,0,0,1,1,0,1/3,1,3]]
323:[[1,0,0,0,0,1,1,1,1,1],[0,1,0,0,0,1,4/3,-1/3,74/67,0],[0,0,1,0,0,1,4/3,17/285,102/95,28/95],[0,0,0,1,0,1,0,91/23,1,4],[0,0,0,0,1,1,0,-1/3,-6,-1/4]]
94:[[1,0,0,0,0,1,1,0,1,1],[0,1,0,0,0,1,-1,0,-1,2],[0,0,1,0,0,1,-2,1,1,4],[0,0,0,1,0,1,1,1/2,-2,4],[0,0,0,0,1,1,0,1/3,-1,4]]
72:[[1,0,0,0,0,1,1,1,1,1],[0,1,0,0,0,1,4/21,-3/14,-3/14,1],[0,0,1,0,0,1,1/3,0,-1/2,0],[0,0,0,1,0,1,1/6,0,-1/4,1/2],[0,0,0,0,1,1,0,1/2,-1/2,1]]
265:[[1,0,0,0,0,1,1,1,1,1],[0,1,0,0,0,1,1/12,1/12,0,1],[0,0,1,0,0,1,27/25,-7/100,23/25,-21/25],[0,0,0,1,0,1,1,1/12,1,-9/13],[0,0,0,0,1,1,0,-1/4,-1/4,-3]]
249:[[1,0,0,0,0,1,1,0,1,1],[0,1,0,0,0,1,-6/17,1,0,7/68],[0,0,1,0,0,1,-85/7,68/7,-61/31,1],[0,0,0,1,0,1,1,-17/7,1,1/24],[0,0,0,0,1,1,0,-17/7,-6,-1/4]]
274:[[1,0,0,0,0,1,1,1,1,1],[0,1,0,0,0,1,1/2,-2,0,1],[0,0,1,0,0,1,1/2,-5,3/2,5/2],[0,0,0,1,0,1,1,-2,1,8/5],[0,0,0,0,1,1,0,-6,3/2,3]]
244:[[1,0,0,0,0,1,1,1,1,1],[0,1,0,0,0,1,18/25,-13,0,9/7],[0,0,1,0,0,1,7/9,-91/9,1/3,1],[0,0,0,1,0,1,1,-13,1,-1/2],[0,0,0,0,1,1,0,-91/3,-6,3]]
696:[[1,0,0,0,0,1,1,1,1,1],[0,1,0,0,0,1,5/3,4,5/2,0],[0,0,1,0,0,1,5/4,3,3/2,1],[0,0,0,1,0,1,1,0,9/10,4/5],[0,0,0,0,1,1,0,-2,-1/2,-2]]
171:[[1,0,0,0,0,1,1,1,1,1],[0,1,0,0,0,1,9/5,3,-3,9/4],[0,0,1,0,0,1,3/5,0,-3,0],[0,0,0,1,0,1,3/5,1,3,9/8],[0,0,0,0,1,1,0,12/7,6,9/4]]
299:[[1,0,0,0,0,1,1,0,1,1],[0,1,0,0,0,1,2/9,1,-1/6,2/3],[0,0,1,0,0,1,-4/3,2,1,4/3],[0,0,0,1,0,1,-4/3,-3,-1/6,0],[0,0,0,0,1,1,0,1,1/2,4/3]]
71:[[1,0,0,0,0,1,1,0,1,1],[0,1,0,0,0,1,1,1,-13/12,1],[0,0,1,0,0,1,1/26,1/2,-1/24,1],[0,0,0,1,0,1,0,1,-1/12,13/6],[0,0,0,0,1,1,0,-6,1/2,-6]]
57:[[1,0,0,0,0,1,1,1,1,1],[0,1,0,0,0,1,0,-1/4,1,1],[0,0,1,0,0,1,3/13,1/26,3/13,-2/13],[0,0,0,1,0,1,-1/4,-1/24,1/6,-1/4],[0,0,0,0,1,1,0,0,1/3,-1/2]]
146:[[1,0,0,0,0,1,1,1,1,1],[0,1,0,0,0,1,21/11,3,1/2,1],[0,0,1,0,0,1,7/22,51/22,1/2,7/22],[0,0,0,1,0,1,21/11,21/11,1,21/11],[0,0,0,0,1,1,0,3,1/2,1/4]]
13:[[1,0,0,0,0,1,1,0,1,0],[0,1,0,0,0,1,0,1,1,0],[0,0,1,0,0,1,-1,1,6,1],[0,0,0,1,0,1,1/4,-1/4,-1/4,-1/4],[0,0,0,0,1,1,0,0,1,1/2]]
37:[[1,0,0,0,0,1,1,0,1,1],[0,1,0,0,0,1,0,1,1,1],[0,0,1,0,0,1,2/3,1/3,2/3,7/9],[0,0,0,1,0,1,1,1/2,1/2,2/3],[0,0,0,0,1,1,0,0,1/4,1/3]]
277:[[1,0,0,0,0,1,1,1,1,1],[0,1,0,0,0,1,-1/2,-9,0,-1/2],[0,0,1,0,0,1,-1/2,18,-3,1],[0,0,0,1,0,1,1,0,1,17/19],[0,0,0,0,1,1,0,6,-1/3,1/3]]
267:[[1,0,0,0,0,1,1,1,1,1],[0,1,0,0,0,1,-11/20,-11/20,0,11/2],[0,0,1,0,0,1,24/55,-6/25,3/5,12/5],[0,0,0,1,0,1,1,-11/20,1,0],[0,0,0,0,1,1,0,-2/5,1/3,4]]
12:[[1,0,0,0,0,1,1,0,1,0],[0,1,0,0,0,1,0,1,1,0],[0,0,1,0,0,1,7/6,1,13/6,1],[0,0,0,1,0,1,-7,-6,-6,-6],[0,0,0,0,1,1,0,0,1,-6]]
233:[[1,0,0,0,0,1,1,1,1,1],[0,1,0,0,0,1,1/6,-1/9,0,1],[0,0,1,0,0,1,-3/2,-7/3,-4,21],[0,0,0,1,0,1,1,-1/9,1,-9],[0,0,0,0,1,1,0,-2/3,-2/3,6]]
136:[[1,0,0,0,0,1,1,1,1,1],[0,1,0,0,0,1,6,2/3,1/2,22/5],[0,0,1,0,0,1,9/2,23/30,1/2,9/2],[0,0,0,1,0,1,6,6,1,6],[0,0,0,0,1,1,0,2/3,1/2,3]]
786:[[1,0,0,0,0,1,1,1,1,1],[0,1,0,0,0,1,13/121,0,2/5,-3/22],[0,0,1,0,0,1,-1/11,-1/9,0,-3/22],[0,0,0,1,0,1,1,6/5,2/5,3/2],[0,0,0,0,1,1,0,-1/9,1/3,-1/4]]
110:[[1,0,0,0,0,1,1,0,1,0],[0,1,0,0,0,1,-1,1,-3/2,1],[0,0,1,0,0,1,-3,1/3,-13/2,1],[0,0,0,1,0,1,-1,1/3,-3/2,1/2],[0,0,0,0,1,1,0,-2/3,1,-2]]
580:[[1,0,0,0,0,1,1,1,0,1],[0,1,0,0,0,1,1/3,2,1,-1],[0,0,1,0,0,1,1/3,4/3,3,-5/3],[0,0,0,1,0,1,1,2,3,-5/2],[0,0,0,0,1,1,0,5/4,3/2,-1]]
283:[[1,0,0,0,0,1,1,0,1,0],[0,1,0,0,0,1,1,1,0,1],[0,0,1,0,0,1,1/3,1/9,-2/3,1],[0,0,0,1,0,1,2,-1,1,-3/7],[0,0,0,0,1,1,0,-1,-1,3]]
149:[[1,0,0,0,0,1,1,1,1,1],[0,1,0,0,0,1,2/3,-3,2/3,-5/9],[0,0,1,0,0,1,-4/27,-70/27,2/3,-4/27],[0,0,0,1,0,1,2/3,2/3,1,2/3],[0,0,0,0,1,1,0,-3,2/3,-1/4]]
121:[[1,0,0,0,0,1,1,0,1,1],[0,1,0,0,0,1,-2/3,1,1,-2],[0,0,1,0,0,1,-1,4/3,1,-3],[0,0,0,1,0,1,0,1,3,-1],[0,0,0,0,1,1,0,-1,-1,1]]
5:[[1,0,0,0,0,1,1,0,1,1],[0,1,0,0,0,1,2,1,2,1],[0,0,1,0,0,1,1,-1,0,1],[0,0,0,1,0,1,0,-1,-2,1],[0,0,0,0,1,1,0,0,0,1/2]]
210:[[1,0,0,0,0,1,1,1,1,1],[0,1,0,0,0,1,1,15/8,-115/32,15/8],[0,0,1,0,0,1,8/15,-1/2,10/3,15/8],[0,0,0,1,0,1,8/15,1,10/3,0],[0,0,0,0,1,1,0,-1/2,-3,-1/2]]
34:[[1,0,0,0,0,1,1,0,1,1],[0,1,0,0,0,1,0,1,1,1],[0,0,1,0,0,1,1/5,4/5,3/5,0],[0,0,0,1,0,1,1/6,2/3,2/3,1/6],[0,0,0,0,1,1,0,0,-1,-1/4]]
147:[[1,0,0,0,0,1,1,1,1,1],[0,1,0,0,0,1,-14/9,-2,1/3,0],[0,0,1,0,0,1,7/27,-47/27,1/3,7/27],[0,0,0,1,0,1,-14/9,-14/9,1,-14/9],[0,0,0,0,1,1,0,-2,1/3,1/4]]
32:[[1,0,0,0,0,1,1,1,1,1],[0,1,0,0,0,1,0,-4,1,1],[0,0,1,0,0,1,-1/15,1,0,7/15],[0,0,0,1,0,1,-1/15,1,-1/4,1/3],[0,0,0,0,1,1,0,0,1/2,1/2]]
123:[[1,0,0,0,0,1,1,0,1,1],[0,1,0,0,0,1,7/8,1,-48/7,1],[0,0,1,0,0,1,48/55,56/55,0,48/55],[0,0,0,1,0,1,7/8,7/8,1,7/8],[0,0,0,0,1,1,0,1,-48/7,-6]]
148:[[1,0,0,0,0,1,1,1,1,1],[0,1,0,0,0,1,-33/50,-1/2,-2/3,-18/25],[0,0,1,0,0,1,-22/25,-33/50,-2/3,-22/25],[0,0,0,1,0,1,-33/50,-33/50,1,-33/50],[0,0,0,0,1,1,0,-1/2,-2/3,-6]]
76:[[1,0,0,0,0,1,1,1,1,1],[0,1,0,0,0,1,0,3/8,1,1],[0,0,1,0,0,1,23/20,35/32,23/20,1/4],[0,0,0,1,0,1,-207/350,-9/16,-3/2,27/2],[0,0,0,0,1,1,0,0,-2/3,6]]
290:[[1,0,0,0,0,1,1,1,1,1],[0,1,0,0,0,1,1,0,3/4,1/4],[0,0,1,0,0,1,-2,-3,0,-2],[0,0,0,1,0,1,0,-4,1,-4],[0,0,0,0,1,1,0,4,1/2,2]]
14:[[1,0,0,0,0,1,1,0,1,0],[0,1,0,0,0,1,0,1,1,0],[0,0,1,0,0,1,-2,-1/2,2,1],[0,0,0,1,0,1,4/3,1/3,1/3,-2/3],[0,0,0,0,1,1,0,0,1,1/3]]
1:[[1,0,0,0,0,1,1,1,1,1],[0,1,0,0,0,1,-1,1,1,1],[0,0,1,0,0,1,0,1/3,1,1],[0,0,0,1,0,1,0,0,1/4,1],[0,0,0,0,1,1,0,0,0,6]]
17:[[1,0,0,0,0,1,1,0,0,1],[0,1,0,0,0,1,0,1,0,1],[0,0,1,0,0,1,-91/6,12,1,-7],[0,0,0,1,0,1,-91/24,3,1/4,-1],[0,0,0,0,1,1,0,0,6,1]]
183:[[1,0,0,0,0,1,1,1,1,1],[0,1,0,0,0,1,2,-1/3,7/3,2],[0,0,1,0,0,1,7/4,0,7/3,0],[0,0,0,1,0,1,-6,1,-25/3,50],[0,0,0,0,1,1,0,1/4,-1/3,2]]
195:[[1,0,0,0,0,1,1,1,1,0],[0,1,0,0,0,1,5/4,3/2,1/2,0],[0,0,1,0,0,1,-5/2,0,1/2,1],[0,0,0,1,0,1,5/6,1,5/6,1/9],[0,0,0,0,1,1,0,3/4,3/4,1/2]]
176:[[1,0,0,0,0,1,1,1,1,0],[0,1,0,0,0,1,24/49,32/7,8/7,0],[0,0,1,0,0,1,12/7,-4,0,1],[0,0,0,1,0,1,3/28,1,5/4,-5/16],[0,0,0,0,1,1,0,4/3,4/3,-1/3]]
250:[[1,0,0,0,0,1,1,1,1,1],[0,1,0,0,0,1,38/207,-10/3,0,5/6],[0,0,1,0,0,1,168/337,-560/337,280/337,140/337],[0,0,0,1,0,1,1,-10/3,1,-1/4],[0,0,0,0,1,1,0,-2,-2,1/2]]
29:[[1,0,0,0,0,1,1,0,1,1],[0,1,0,0,0,1,0,1,1,1],[0,0,1,0,0,1,1/3,2/3,1/3,0],[0,0,0,1,0,1,1/4,1/2,1/2,1/4],[0,0,0,0,1,1,0,0,-1,-1/2]]
224:[[1,0,0,0,0,1,1,0,1,1],[0,1,0,0,0,1,-6/19,1,0,1/20],[0,0,1,0,0,1,-114/11,95/11,-1596/1529,19/44],[0,0,0,1,0,1,1,-5,1,-1/24],[0,0,0,0,1,1,0,-5,6,-1/4]]
860:[[1,0,0,0,0,1,1,1,1,0],[0,1,0,0,0,1,4,0,4/13,1],[0,0,1,0,0,1,5,-1/10,1/4,1],[0,0,0,1,0,1,1,-1/2,1/4,-1],[0,0,0,0,1,1,0,2,1,-1/2]]
24:[[1,0,0,0,0,1,1,1,1,1],[0,1,0,0,0,1,0,1/2,1,1],[0,0,1,0,0,1,2/3,1,0,2],[0,0,0,1,0,1,2/3,1,2,0],[0,0,0,0,1,1,0,0,4,4]]
735:[[1,0,0,0,0,1,1,1,1,1],[0,1,0,0,0,1,-2/3,-3/2,6,0],[0,0,1,0,0,1,6/11,27/22,18/11,9/11],[0,0,0,1,0,1,1,-3/2,0,3/2],[0,0,0,0,1,1,0,1/2,2,1/2]]
181:[[1,0,0,0,0,1,1,1,1,1],[0,1,0,0,0,1,6/7,12/13,6/19,1],[0,0,1,0,0,1,-6/7,0,6/19,0],[0,0,0,1,0,1,13/14,1,25/38,25/24],[0,0,0,0,1,1,0,-72/19,-72/19,-6]]
253:[[1,0,0,0,0,1,1,0,1,1],[0,1,0,0,0,1,-20/21,1,0,11/9],[0,0,1,0,0,1,21/62,21/62,77/62,77/186],[0,0,0,1,0,1,1,1,1,1/12],[0,0,0,0,1,1,0,3/11,4,1/3]]
67:[[1,0,0,0,0,1,1,0,1,0],[0,1,0,0,0,1,1,1,-5,0],[0,0,1,0,0,1,61/7,19/7,19/7,1],[0,0,0,1,0,1,7,1,1,1/3],[0,0,0,0,1,1,0,-6,-6,1]]
763:[[1,0,0,0,0,1,1,1,1,1],[0,1,0,0,0,1,-1/3,-19/27,-1/3,0],[0,0,1,0,0,1,5/17,8/17,1/4,8/17],[0,0,0,1,0,1,1,1/3,2,8/5],[0,0,0,0,1,1,0,1/24,1/4,4]]
238:[[1,0,0,0,0,1,1,1,1,1],[0,1,0,0,0,1,9/34,-9,0,1],[0,0,1,0,0,1,84/109,-231/109,105/109,77/327],[0,0,0,1,0,1,1,-3,1,-1/9],[0,0,0,0,1,1,0,-3,-3,1/3]]
78:[[1,0,0,0,0,1,1,1,1,1],[0,1,0,0,0,1,0,5/3,1,1],[0,0,1,0,0,1,1/4,-1/6,0,-1/8],[0,0,0,1,0,1,5/6,-5/9,-1/3,-1/2],[0,0,0,0,1,1,0,0,3,-1/2]]
77:[[1,0,0,0,0,1,1,1,1,1],[0,1,0,0,0,1,0,-5/7,1,1],[0,0,1,0,0,1,-5/3,-25/7,17,-7],[0,0,0,1,0,1,1,15/7,-3,3],[0,0,0,0,1,1,0,0,2,-2]]
227:[[1,0,0,0,0,1,1,1,1,1],[0,1,0,0,0,1,19/3,19/15,0,19/3],[0,0,1,0,0,1,1/5,24/25,23/95,24/5],[0,0,0,1,0,1,1,24,1,24],[0,0,0,0,1,1,0,6/5,1/4,6]]
52:[[1,0,0,0,0,1,1,0,1,1],[0,1,0,0,0,1,0,1,1,1],[0,0,1,0,0,1,3/11,-20/11,3/11,-13/11],[0,0,0,1,0,1,-1/4,5/3,5/3,3],[0,0,0,0,1,1,0,0,2,-2]]
185:[[1,0,0,0,0,1,1,1,1,1],[0,1,0,0,0,1,4/3,8/9,4/9,4/9],[0,0,1,0,0,1,4,0,4/9,0],[0,0,0,1,0,1,3/2,1,1/6,1/4],[0,0,0,0,1,1,0,8/5,8/3,4]]
45:[[1,0,0,0,0,1,1,0,1,1],[0,1,0,0,0,1,0,1,1,1],[0,0,1,0,0,1,4/3,-1/3,4/3,3/2],[0,0,0,1,0,1,-2,1/2,1/2,1/4],[0,0,0,0,1,1,0,0,-1,-1/2]]
851:[[1,0,0,0,0,1,1,1,1,0],[0,1,0,0,0,1,-3,-5/3,7,1],[0,0,1,0,0,1,4/7,0,2,1],[0,0,0,1,0,1,1,1/3,2,1/2],[0,0,0,0,1,1,0,-2/3,1,-1/2]]
132:[[1,0,0,0,0,1,1,0,1,1],[0,1,0,0,0,1,2,1,1/8,-7/4],[0,0,1,0,0,1,-1/7,-8/7,0,-1/7],[0,0,0,1,0,1,2,-8/7,1,2],[0,0,0,0,1,1,0,1,1/8,1/4]]
117:[[1,0,0,0,0,1,1,1,1,1],[0,1,0,0,0,1,2/3,2/3,3/4,0],[0,0,1,0,0,1,2/3,2/9,5/12,-4/3],[0,0,0,1,0,1,0,1,3/4,-6],[0,0,0,0,1,1,0,2/9,1/4,1]]
261:[[1,0,0,0,0,1,1,1,1,1],[0,1,0,0,0,1,4/3,4/3,0,1],[0,0,1,0,0,1,15/112,5/7,195/98,15/28],[0,0,0,1,0,1,1,5/7,1,4],[0,0,0,0,1,1,0,2/3,2,1/2]]
182:[[1,0,0,0,0,1,1,1,1,1],[0,1,0,0,0,1,-1/2,1/4,1/4,2/3],[0,0,1,0,0,1,-1,0,-1/2,0],[0,0,0,1,0,1,-2,1,-1/2,-2/3],[0,0,0,0,1,1,0,3/7,1/2,2/3]]
46:[[1,0,0,0,0,1,1,0,1,1],[0,1,0,0,0,1,0,1,1,1],[0,0,1,0,0,1,9,-9,0,7],[0,0,0,1,0,1,-9/8,9/8,9/8,1/4],[0,0,0,0,1,1,0,0,2,1/4]]
241:[[1,0,0,0,0,1,1,1,1,1],[0,1,0,0,0,1,-3/5,-3,0,1],[0,0,1,0,0,1,-1/7,-13/7,1/7,13/21],[0,0,0,1,0,1,1,-1,1,7/3],[0,0,0,0,1,1,0,-1,1/7,1/3]]
226:[[1,0,0,0,0,1,1,0,1,1],[0,1,0,0,0,1,4/9,1,0,4/9],[0,0,1,0,0,1,-3/2,9/2,-7/3,2],[0,0,0,1,0,1,1,-21/22,1,-4/3],[0,0,0,0,1,1,0,3/2,-1/2,2/3]]
278:[[1,0,0,0,0,1,1,0,1,1],[0,1,0,0,0,1,28/15,1,0,7/3],[0,0,1,0,0,1,4/3,3/7,8/11,1],[0,0,0,1,0,1,1,3/7,1,0],[0,0,0,0,1,1,0,-3/7,4,-1]]
8:[[1,0,0,0,0,1,1,0,1,0],[0,1,0,0,0,1,0,1,1,0],[0,0,1,0,0,1,1/2,1,3/2,1],[0,0,0,1,0,1,1,2,2,2],[0,0,0,0,1,1,0,0,1,2]]
10:[[1,0,0,0,0,1,1,0,1,1],[0,1,0,0,0,1,3/2,1,1/3,1],[0,0,1,0,0,1,1,3/2,0,1],[0,0,0,1,0,1,0,-2,-2/3,1],[0,0,0,0,1,1,0,0,0,2/3]]
186:[[1,0,0,0,0,1,1,1,1,1],[0,1,0,0,0,1,-1/2,1/2,2/5,1/6],[0,0,1,0,0,1,-2,0,2/5,0],[0,0,0,1,0,1,-1,1,1/5,1/9],[0,0,0,0,1,1,0,3/5,3/5,1/3]]
778:[[1,0,0,0,0,1,1,1,1,0],[0,1,0,0,0,1,101/3,13/2,80/3,1],[0,0,1,0,0,1,-101/39,-1/2,80/3,-87/11],[0,0,0,1,0,1,1,-1171/2222,-22640/1111,3393/1111],[0,0,0,0,1,1,0,-1/2,-6,1]]
264:[[1,0,0,0,0,1,1,1,1,1],[0,1,0,0,0,1,8/9,8/9,0,4],[0,0,1,0,0,1,-4/9,2/9,-6/7,1],[0,0,0,1,0,1,1,2/3,1,-9/4],[0,0,0,0,1,1,0,2/3,-2,3]]
108:[[1,0,0,0,0,1,1,0,1,0],[0,1,0,0,0,1,-1/3,1,-1,1],[0,0,1,0,0,1,-2/3,4/3,0,2],[0,0,0,1,0,1,-1/3,4/3,-1,8/5],[0,0,0,0,1,1,0,2,-2,3]]
685:[[1,0,0,0,0,1,1,1,1,1],[0,1,0,0,0,1,-3/7,-8/7,-2/7,0],[0,0,1,0,0,1,-3/8,-8/3,-1/2,1],[0,0,0,1,0,1,1,-8/3,-2,-8/3],[0,0,0,0,1,1,0,-4,-2,-6]]
63:[[1,0,0,0,0,1,1,1,1,1],[0,1,0,0,0,1,1,-4/5,0,1],[0,0,1,0,0,1,2,-8/5,-1,2],[0,0,0,1,0,1,1/4,8/5,1,8/5],[0,0,0,0,1,1,0,8/5,1,2]]
42:[[1,0,0,0,0,1,1,1,1,1],[0,1,0,0,0,1,0,1/6,1,1],[0,0,1,0,0,1,43/25,1,-1/2,11/5],[0,0,0,1,0,1,43/25,1,6,-3],[0,0,0,0,1,1,0,0,-2/3,-2/3]]
56:[[1,0,0,0,0,1,1,1,1,1],[0,1,0,0,0,1,0,3/2,1,1],[0,0,1,0,0,1,3/2,3/4,3/2,0],[0,0,0,1,0,1,9/4,9/8,3/4,3/2],[0,0,0,0,1,1,0,0,3/2,3]]
89:[[1,0,0,0,0,1,1,1,1,1],[0,1,0,0,0,1,-1,-1,-1,1],[0,0,1,0,0,1,-1,-3,0,-3],[0,0,0,1,0,1,1,0,3,-3],[0,0,0,0,1,1,0,-1,1,-3]]
118:[[1,0,0,0,0,1,1,1,0,1],[0,1,0,0,0,1,71/72,5/6,1,5/6],[0,0,1,0,0,1,71/72,13/12,-1/2,13/12],[0,0,0,1,0,1,0,1,-6,7],[0,0,0,0,1,1,0,-5,-6,1]]
863:[[1,0,0,0,0,1,1,1,1,0],[0,1,0,0,0,1,9/8,7/8,31/28,1],[0,0,1,0,0,1,-5/9,-2/15,-1/3,1],[0,0,0,1,0,1,1,1/3,-1/3,-4/3],[0,0,0,0,1,1,0,1/2,1,-2]]
168:[[1,0,0,0,0,1,1,1,1,1],[0,1,0,0,0,1,-11/64,-11/4,1,-11/4],[0,0,1,0,0,1,1/16,-2,-1/44,-11/4],[0,0,0,1,0,1,1/16,1,-1/44,1/4],[0,0,0,0,1,1,0,-2,2/11,-2]]
214:[[1,0,0,0,0,1,1,1,1,1],[0,1,0,0,0,1,-6,43/8,-5/2,-6],[0,0,1,0,0,1,2,0,1,0],[0,0,0,1,0,1,-1,1,0,-9/4],[0,0,0,0,1,1,0,1/2,1/2,-6]]
745:[[1,0,0,0,0,1,1,1,1,1],[0,1,0,0,0,1,7/15,4/5,7/15,0],[0,0,1,0,0,1,-7/38,-6/19,-29/171,-6/19],[0,0,0,1,0,1,1,0,55/63,12/7],[0,0,0,0,1,1,0,2/3,1/9,6]]
105:[[1,0,0,0,0,1,1,0,1,0],[0,1,0,0,0,1,3,1,-1,1],[0,0,1,0,0,1,3/2,1,0,-1/2],[0,0,0,1,0,1,3,5/2,-1,-2],[0,0,0,0,1,1,0,-1,1,1/2]]
263:[[1,0,0,0,0,1,1,1,1,1],[0,1,0,0,0,1,12/11,12/11,0,-1/2],[0,0,1,0,0,1,-24/5,-24/11,-144,1],[0,0,0,1,0,1,1,12/11,1,-5/24],[0,0,0,0,1,1,0,6/11,6,-1/4]]
246:[[1,0,0,0,0,1,1,1,1,1],[0,1,0,0,0,1,1/10,-1/10,0,1/5],[0,0,1,0,0,1,-5/22,-1/2,-4/5,1],[0,0,0,1,0,1,1,0,1,-2],[0,0,0,0,1,1,0,-1/3,-1/3,2/3]]
54:[[1,0,0,0,0,1,1,1,1,1],[0,1,0,0,0,1,0,-1/3,1,1],[0,0,1,0,0,1,1/3,1/9,1/3,0],[0,0,0,1,0,1,-1/5,-1/15,1/5,-1/5],[0,0,0,0,1,1,0,0,1/2,-1/2]]
547:[[1,0,0,0,0,1,1,1,0,1],[0,1,0,0,0,1,14/31,0,1,14/31],[0,0,1,0,0,1,-7/9,7/3,-31/18,7/3],[0,0,0,1,0,1,-7/9,-7/9,775/432,0],[0,0,0,0,1,1,0,-1/3,31/24,1/4]]
517:[[1,0,0,0,0,1,1,1,0,1],[0,1,0,0,0,1,8/7,4,1,-5/2],[0,0,1,0,0,1,-8/13,4,-7/13,0],[0,0,0,1,0,1,-8/13,-8/13,1,5/13],[0,0,0,0,1,1,0,-5/2,-1/3,-1/3]]
243:[[1,0,0,0,0,1,1,1,1,1],[0,1,0,0,0,1,-3/4,-6,0,-2/3],[0,0,1,0,0,1,3,9,15/11,1],[0,0,0,1,0,1,1,9,1,1/9],[0,0,0,0,1,1,0,3,3,1/3]]
166:[[1,0,0,0,0,1,1,1,1,1],[0,1,0,0,0,1,9/8,3/4,36/41,1],[0,0,1,0,0,1,3/2,0,36/41,0],[0,0,0,1,0,1,3/2,1,21/41,7/3],[0,0,0,0,1,1,0,-27/5,81/41,9]]
235:[[1,0,0,0,0,1,1,0,1,1],[0,1,0,0,0,1,15/16,1,0,1],[0,0,1,0,0,1,8/9,16/9,14/9,16/9],[0,0,0,1,0,1,1,1,1,4/3],[0,0,0,0,1,1,0,4,3,4]]
194:[[1,0,0,0,0,1,1,1,1,0],[0,1,0,0,0,1,-1/3,-1,1/3,0],[0,0,1,0,0,1,-2,-5/2,3/2,1],[0,0,0,1,0,1,1/3,1,1/3,-2/5],[0,0,0,0,1,1,0,1/2,1/2,-1]]
766:[[1,0,0,0,0,1,1,1,1,1],[0,1,0,0,0,1,-50,-4675/32,-17,0],[0,0,1,0,0,1,275/32,-4675/32,187/64,-4675/32],[0,0,0,1,0,1,1,-1513/56,0,-17],[0,0,0,0,1,1,0,-475/48,-1/3,-6]]
458:[[1,0,0,0,0,1,1,1,0,1],[0,1,0,0,0,1,6,0,1,-36],[0,0,1,0,0,1,3/2,9/7,1/10,0],[0,0,0,1,0,1,3/2,3/2,1/4,-3],[0,0,0,0,1,1,0,3,1/4,-6]]
297:[[1,0,0,0,0,1,1,0,1,1],[0,1,0,0,0,1,-2/13,1,4/13,4/39],[0,0,1,0,0,1,-2/7,13/7,1,1/3],[0,0,0,1,0,1,-2/7,9/7,4/13,0],[0,0,0,0,1,1,0,1,7/13,1/3]]
710:[[1,0,0,0,0,1,1,1,1,1],[0,1,0,0,0,1,11/60,11/123,11/200,0],[0,0,1,0,0,1,-21/20,0,11/200,1],[0,0,0,1,0,1,1,2/9,1/10,-20/21],[0,0,0,0,1,1,0,49/369,1/10,1/3]]
43:[[1,0,0,0,0,1,1,0,1,1],[0,1,0,0,0,1,0,1,1,1],[0,0,1,0,0,1,6/7,1/7,19/7,0],[0,0,0,1,0,1,-6/11,-1/11,-1/11,18/11],[0,0,0,0,1,1,0,0,1/3,-6]]
49:[[1,0,0,0,0,1,1,0,1,1],[0,1,0,0,0,1,0,1,1,1],[0,0,1,0,0,1,4,-11/7,0,5],[0,0,0,1,0,1,-7,11/4,11/4,-6],[0,0,0,0,1,1,0,0,1/2,-1/3]]
787:[[1,0,0,0,0,1,1,1,1,1],[0,1,0,0,0,1,5/6,-4/3,5/3,-5/2],[0,0,1,0,0,1,5/2,-6,0,-5/2],[0,0,0,1,0,1,1,0,3/2,-1],[0,0,0,0,1,1,0,-6,3,-6]]
48:[[1,0,0,0,0,1,1,0,1,1],[0,1,0,0,0,1,0,1,1,1],[0,0,1,0,0,1,11/13,2/13,49/52,21/26],[0,0,0,1,0,1,4,8/11,8/11,1/11],[0,0,0,0,1,1,0,0,-2,-1/4]]
164:[[1,0,0,0,0,1,1,1,1,0],[0,1,0,0,0,1,1/144,1/12,-5/72,0],[0,0,1,0,0,1,-1/12,0,65/72,1],[0,0,0,1,0,1,1/12,1,-5/72,-1],[0,0,0,0,1,1,0,1/2,5/12,6]]
159:[[1,0,0,0,0,1,1,1,1,1],[0,1,0,0,0,1,1,5/6,-1/4,0],[0,0,1,0,0,1,-2,0,1,-2],[0,0,0,1,0,1,3/5,1,0,3/5],[0,0,0,0,1,1,0,5/6,-1/4,1]]
237:[[1,0,0,0,0,1,1,1,1,1],[0,1,0,0,0,1,19/68,-1/6,0,1],[0,0,1,0,0,1,-104/43,-195/43,-299/43,1170/43],[0,0,0,1,0,1,1,0,1,-6],[0,0,0,0,1,1,0,-1,-1,6]]
390:[[1,0,0,0,0,1,1,1,1,0],[0,1,0,0,0,1,-2/3,-4,8/3,1],[0,0,1,0,0,1,-2/3,0,4/9,1/3],[0,0,0,1,0,1,1,2,8/3,-1/2],[0,0,0,0,1,1,0,2,2/3,1]]
230:[[1,0,0,0,0,1,1,1,1,1],[0,1,0,0,0,1,1/10,-1/2,0,1],[0,0,1,0,0,1,-5,-9,-17,18],[0,0,0,1,0,1,1,-9,1,-9],[0,0,0,0,1,1,0,-3/2,-1/3,3]]
590:[[1,0,0,0,0,1,1,1,0,1],[0,1,0,0,0,1,324/79,-6,1,-6],[0,0,1,0,0,1,3/38,-79/684,1,117/38],[0,0,0,1,0,1,1,-6,36,127],[0,0,0,0,1,1,0,1/3,-2,-6]]
269:[[1,0,0,0,0,1,1,0,1,1],[0,1,0,0,0,1,-6/7,1,0,2/21],[0,0,1,0,0,1,-6/7,14,-6,4/3],[0,0,0,1,0,1,1,-161/60,1,-14/9],[0,0,0,0,1,1,0,7,-6,2/3]]
797:[[1,0,0,0,0,1,1,1,1,0],[0,1,0,0,0,1,52/3,-41/8,-93/5,1],[0,0,1,0,0,1,-11/38,0,242/95,-22/19],[0,0,0,1,0,1,1,-1,-93/5,4],[0,0,0,0,1,1,0,-1/4,-3,1]]
16:[[1,0,0,0,0,1,1,1,1,1],[0,1,0,0,0,1,-1,-3,-1,1],[0,0,1,0,0,1,-6/11,-1,0,1],[0,0,0,1,0,1,0,-1,-6,1],[0,0,0,0,1,1,0,0,0,-1]]
162:[[1,0,0,0,0,1,1,1,1,1],[0,1,0,0,0,1,1,3,3,0],[0,0,1,0,0,1,3/5,63/55,129/65,3/5],[0,0,0,1,0,1,3/5,-6,4,3/5],[0,0,0,0,1,1,0,3,3,1]]
70:[[1,0,0,0,0,1,1,1,1,1],[0,1,0,0,0,1,1,10,0,1],[0,0,1,0,0,1,1/2,5,5/9,1],[0,0,0,1,0,1,0,10,10/9,2/3],[0,0,0,0,1,1,0,3,1/3,3]]
109:[[1,0,0,0,0,1,1,0,1,0],[0,1,0,0,0,1,-5/4,1,1/4,1],[0,0,1,0,0,1,-5,4,0,1],[0,0,0,1,0,1,-5/4,6,1/4,3/8],[0,0,0,0,1,1,0,4/3,1/3,1/3]]
272:[[1,0,0,0,0,1,1,1,1,1],[0,1,0,0,0,1,8,1,0,-4/3],[0,0,1,0,0,1,8,-13/8,3,13/6],[0,0,0,1,0,1,1,3/8,1,1/6],[0,0,0,0,1,1,0,3/8,3,-1/2]]
247:[[1,0,0,0,0,1,1,1,1,1],[0,1,0,0,0,1,11/9,11/15,0,11/9],[0,0,1,0,0,1,4/3,3/5,2/11,1],[0,0,0,1,0,1,1,3/2,1,3/2],[0,0,0,0,1,1,0,-9/5,-2,-3]]
60:[[1,0,0,0,0,1,1,0,1,1],[0,1,0,0,0,1,1,1,4/3,1],[0,0,1,0,0,1,12/13,9/13,16/13,1],[0,0,0,1,0,1,0,9,16,9],[0,0,0,0,1,1,0,9/4,4,3]]
107:[[1,0,0,0,0,1,1,0,1,0],[0,1,0,0,0,1,-17,1,-5,1],[0,0,1,0,0,1,-68/9,-12/5,0,1],[0,0,0,1,0,1,-17,-12/5,-5,162/77],[0,0,0,0,1,1,0,-4/5,4,1/3]]
741:[[1,0,0,0,0,1,1,1,1,1],[0,1,0,0,0,1,19/78,-361/52,19/78,0],[0,0,1,0,0,1,684/3221,-19494/3221,817/3221,-6498/3221],[0,0,0,1,0,1,1,-6365/1069,0,-19/2],[0,0,0,0,1,1,0,-6,1/3,-6]]
259:[[1,0,0,0,0,1,1,0,1,0],[0,1,0,0,0,1,13,1,0,1],[0,0,1,0,0,1,91/162,-71/1944,1085/162,1],[0,0,0,1,0,1,78/7,-71/98,1,-6/7],[0,0,0,0,1,1,0,1/2,7,-6]]
768:[[1,0,0,0,0,1,1,0,1,1],[0,1,0,0,0,1,1/8,1,1/2,0],[0,0,1,0,0,1,1/9,1,5/9,-1/27],[0,0,0,1,0,1,1,3/2,0,-1/3],[0,0,0,0,1,1,0,3/2,1/4,1/3]]
617:[[1,0,0,0,0,1,1,0,1,1],[0,1,0,0,0,1,-5/3,1,-2/3,0],[0,0,1,0,0,1,-25/3,1,-11/3,-5/9],[0,0,0,1,0,1,1,1/10,-11/3,1/15],[0,0,0,0,1,1,0,1/10,5/6,1/6]]
514:[[1,0,0,0,0,1,1,1,0,1],[0,1,0,0,0,1,1/49,-41/735,1,-41/392],[0,0,1,0,0,1,7/15,-287/225,56/15,0],[0,0,0,1,0,1,7/15,7/15,1,7/8],[0,0,0,0,1,1,0,7/15,7,1/8]]
255:[[1,0,0,0,0,1,1,1,1,1],[0,1,0,0,0,1,1/6,-2/3,0,1/3],[0,0,1,0,0,1,1/3,-1/3,1/2,1/6],[0,0,0,1,0,1,1,-1/2,1,-1/2],[0,0,0,0,1,1,0,-1/2,-1/2,1/4]]
733:[[1,0,0,0,0,1,1,0,1,1],[0,1,0,0,0,1,-1/14,1,1/7,0],[0,0,1,0,0,1,-1/11,7/8,2/11,1/44],[0,0,0,1,0,1,1,7/8,0,-1/4],[0,0,0,0,1,1,0,7/12,1/2,1/6]]
613:[[1,0,0,0,0,1,1,1,1,1],[0,1,0,0,0,1,1/17,-31/17,1/17,0],[0,0,1,0,0,1,31/17,-31/17,-31,-31/17],[0,0,0,1,0,1,1,169/265,-31,-1],[0,0,0,0,1,1,0,4,2,1/8]]
746:[[1,0,0,0,0,1,1,1,1,1],[0,1,0,0,0,1,8/5,16/5,8/15,0],[0,0,1,0,0,1,8/7,16/7,8,16/7],[0,0,0,1,0,1,1,0,10/3,2],[0,0,0,0,1,1,0,-32,8,4]]
324:[[1,0,0,0,0,1,1,1,1,1],[0,1,0,0,0,1,313/288,6,37/12,7/6],[0,0,1,0,0,1,313/288,7/5,7/6,76/75],[0,0,0,1,0,1,0,7/5,1,-23/25],[0,0,0,0,1,1,0,6,5,1/5]]
187:[[1,0,0,0,0,1,1,1,1,1],[0,1,0,0,0,1,5/4,5/6,5/8,5/8],[0,0,1,0,0,1,5/2,0,5/8,0],[0,0,0,1,0,1,3/2,1,1/4,1/2],[0,0,0,0,1,1,0,5/2,5/2,5]]
614:[[1,0,0,0,0,1,1,0,1,1],[0,1,0,0,0,1,-2,1,-2,0],[0,0,1,0,0,1,-3,1,-3/4,1/2],[0,0,0,1,0,1,1,-7/3,-3/4,-1/6],[0,0,0,0,1,1,0,1/6,1/2,1/3]]
718:[[1,0,0,0,0,1,1,1,1,1],[0,1,0,0,0,1,9/16,-7/16,9/16,0],[0,0,1,0,0,1,12/7,0,-16/5,1],[0,0,0,1,0,1,1,7/12,19/12,7/12],[0,0,0,0,1,1,0,28/5,12/5,-3]]
251:[[1,0,0,0,0,1,1,1,1,1],[0,1,0,0,0,1,-7/9,7/3,0,-7/9],[0,0,1,0,0,1,-3/5,11/5,-1/5,-11/15],[0,0,0,1,0,1,1,7/3,1,-1/3],[0,0,0,0,1,1,0,5/2,5/2,-5/6]]
234:[[1,0,0,0,0,1,1,1,1,1],[0,1,0,0,0,1,1/4,1/3,0,1],[0,0,1,0,0,1,7/10,11/15,2/5,11/5],[0,0,0,1,0,1,1,1/3,1,-5],[0,0,0,0,1,1,0,-2/3,2/5,-2]]
282:[[1,0,0,0,0,1,1,1,1,0],[0,1,0,0,0,1,-3/2,1/4,0,1],[0,0,1,0,0,1,3,-1/2,2,-2],[0,0,0,1,0,1,3/2,1/4,1,-1/3],[0,0,0,0,1,1,0,-1/2,1,2]]
33:[[1,0,0,0,0,1,1,1,1,1],[0,1,0,0,0,1,0,1/2,1,1],[0,0,1,0,0,1,-21,1,2/11,2],[0,0,0,1,0,1,-21,1,2,-2/9],[0,0,0,0,1,1,0,0,23/22,23/22]]
728:[[1,0,0,0,0,1,1,1,1,1],[0,1,0,0,0,1,-16/29,20/29,400/319,0],[0,0,1,0,0,1,16/35,-4/7,304/693,64/63],[0,0,0,1,0,1,1,-4/7,0,20/9],[0,0,0,0,1,1,0,4/9,16/11,4/9]]
55:[[1,0,0,0,0,1,1,1,1,1],[0,1,0,0,0,1,0,1/3,1,1],[0,0,1,0,0,1,1/2,2/3,-2,0],[0,0,0,1,0,1,1,4/3,4,2],[0,0,0,0,1,1,0,0,-2,-1]]
100:[[1,0,0,0,0,1,-74871/132599,0,8319/9569,0],[0,1,0,0,0,1,1,1,1,1],[0,0,1,0,0,1,8319/9569,16/7,78233/66983,16/7],[0,0,0,1,0,1,0,-23,16/7,16/7],[0,0,0,0,1,1,0,9/10,16/7,-2/5]]
412:[[1,0,0,0,0,1/2,1,1,1,14/11],[0,1,0,0,0,1,20/21,1,1,1],[0,0,1,0,0,5/4,1,8/11,1,1],[0,0,0,1,0,1,1,3/2,1,3/4],[0,0,0,0,1,5/3,0,5/3,1,5/3]]
755:[[1,0,0,0,0,1,1,0,1,1],[0,1,0,0,0,1,-48/7,1,16/7,0],[0,0,1,0,0,1,16/63,-1/27,16/7,16/9],[0,0,0,1,0,1,1,-7,-49/5,7],[0,0,0,0,1,1,0,-7,-8,6]]
102:[[1,0,0,0,0,1,1472/709,604/709,1007/2127,604/709],[0,1,0,0,0,1,1,1,1,1],[0,0,1,0,0,1,23/7,49/64,1/6,49/64],[0,0,0,1,0,1,0,0,17/9,17/9],[0,0,0,0,1,1,0,1,17/9,5/4]]
785:[[1,0,0,0,0,1,-9,3/2,2/27,3/2],[0,1,0,0,0,1,-1/4,61/64,-1/4,-2],[0,0,1,0,0,1,1,1,1,1],[0,0,0,1,0,1,-9,0,-11/9,-9],[0,0,0,0,1,1,0,1,-2/9,-2]]
239:[[1,0,0,0,0,1,1,1,1,1],[0,1,0,0,0,1,25/24,5/6,0,1],[0,0,1,0,0,1,26/25,21/25,-1/5,126/125],[0,0,0,1,0,1,1,2,1,6/5],[0,0,0,0,1,1,0,-1/5,-1/5,-6/25]]
789:[[1,0,0,0,0,1,1,-4/5,-13/5,-1/5],[0,1,0,0,0,1,-2,0,1,-1],[0,0,1,0,0,1,-1,-2/5,-1/5,-1],[0,0,0,1,0,1,1,1,1,1],[0,0,0,0,1,1,0,-2/5,-4/5,-2/5]]
691:[[1,0,0,0,0,1,-505/168,-29817/401576,45/56,1],[0,1,0,0,0,1,303/560,-81/560,303/560,0],[0,0,1,0,0,1,1,1,1,1],[0,0,0,1,0,1,-505/168,1,0,-505/168],[0,0,0,0,1,1,0,66/707,10/7,3/8]]
336:[[1,0,0,0,0,1,1,1,1,1],[0,1,0,0,0,24/25,1,1,821/805,179/175],[0,0,1,0,0,11/4,55/218,1,3/23,0],[0,0,0,1,0,11/4,0,1,-611/805,-11/7],[0,0,0,0,1,24/25,0,1,3/23,3/20]]
327:[[1,0,0,0,0,1,1,1,1,1],[0,1,0,0,0,19/12,1,1,0,235/221],[0,0,1,0,0,19/6,34081/38377,1,-19/7,21/17],[0,0,0,1,0,91/8,0,1,-6177/482,21/17],[0,0,0,0,1,19/12,0,1,-19/7,-4/5]]
225:[[1,0,0,0,0,1,1,0,1,1],[0,1,0,0,0,1,6/11,1,0,-10/11],[0,0,1,0,0,1,4/9,11/9,4/15,-10/9],[0,0,0,1,0,1,1,77/32,1,-5/2],[0,0,0,0,1,1,0,11/15,4/15,-2/3]]
732:[[1,0,0,0,0,1,1,0,1,1],[0,1,0,0,0,1,8/7,1,4/7,0],[0,0,1,0,0,1,8/5,35/27,-4/5,-32/45],[0,0,0,1,0,1,1,35/27,0,-4/9],[0,0,0,0,1,1,0,35/9,-2/3,-4/3]]
754:[[1,0,0,0,0,1,-3,739/275,-57/55,-1173/220],[0,1,0,0,0,1,199/455,199/455,199/247,0],[0,0,1,0,0,1,1,1,1,1],[0,0,0,1,0,1,-3,1/5,0,-3],[0,0,0,0,1,1,0,1/5,1,-3/4]]
74:[[1,0,0,0,0,1,50255/56,5585/8,-12,155/12],[0,1,0,0,0,1,0,-12,-12,155/12],[0,0,1,0,0,1,-115/2,-115/2,23/11,0],[0,0,0,1,0,1,1,1,1,1],[0,0,0,0,1,1,0,0,7/9,7/9]]
605:[[1,0,0,0,0,1,1,0,1,1],[0,1,0,0,0,1,-2/9,1,-2/9,0],[0,0,1,0,0,1,-1/9,21/11,-2/3,1/11],[0,0,0,1,0,1,1,9/11,-2/3,-9/11],[0,0,0,0,1,1,0,27/11,-2,6/11]]
601:[[1,0,0,0,0,2343/2861,2343/2861,1,48230/48637,10742/2861],[0,1,0,0,0,-11/37,3621/3445,1,14/11,0],[0,0,1,0,0,-11/37,3621/37,1,-11/37,3621/37],[0,0,0,1,0,1,1,1,1,1],[0,0,0,0,1,11/14,0,1,1,17]]
604:[[1,0,0,0,0,6/11,6/11,1,6/5,11/16],[0,1,0,0,0,96/55,480/1001,1,96/91,0],[0,0,1,0,0,17/16,11/16,1,17/16,11/16],[0,0,0,1,0,1,1,1,1,1],[0,0,0,0,1,11/5,0,1,1,-5]]
228:[[1,0,0,0,0,158700/362101,158700/362101,1,158700/362101,86331029/17742949],[0,1,0,0,0,110400/313801,6348/9505,1,0,23/7],[0,0,1,0,0,-175/276,23/7,1,-25/12,23/7],[0,0,0,1,0,1,1,1,1,1],[0,0,0,0,1,1,0,1,23/7,23/7]]
798:[[1,0,0,0,0,1,1,-2496/1529,-7303/1529,-2496/1529],[0,1,0,0,0,1,19/3,0,19/3,3952/417],[0,0,1,0,0,1,247/72,1,211/72,247/72],[0,0,0,1,0,1,1,1,1,1],[0,0,0,0,1,1,0,-12/11,-12/11,-13/22]]
927:[[1,0,0,0,0,1,1,1831/81,-7/3,-7/3],[0,1,0,0,0,1,-54/215,-598/129,1454/645,70/43],[0,0,1,0,0,1,1/11,-3/2,1,70/43],[0,0,0,1,0,1,1,1,1,1],[0,0,0,0,1,1,0,-7/3,9/25,-7/3]]
772:[[1,0,0,0,0,1,1,174/433,-2320/1299,174/433],[0,1,0,0,0,1,-343/174,0,580/63,3/7],[0,0,1,0,0,1,21/58,147/517,0,21/58],[0,0,0,1,0,1,1,1,1,1],[0,0,0,0,1,1,0,147/517,10/7,3/7]]
779:[[1,0,0,0,0,1,1,1,1,0],[0,1,0,0,0,1,7,4,-2,1],[0,0,1,0,0,1,5/2,5,-2,3/2],[0,0,0,1,0,1,1,4,-22/5,3/5],[0,0,0,0,1,1,0,5,-3,1]]
308:[[1,0,0,0,0,1,-294667/1028445,0,-294667/178365,0],[0,1,0,0,0,1,-1/55,-4/7,-3/5,448/517],[0,0,1,0,0,1,1,1,1,1],[0,0,0,1,0,1,-1301/3795,1,-383/345,-2/11],[0,0,0,0,1,1,0,-4/7,-4/7,1]]
221:[[1,0,0,0,0,1,1,1,1,0],[0,1,0,0,0,1,25/26,5/2,0,1],[0,0,1,0,0,1,24/25,64/25,3/5,128/125],[0,0,0,1,0,1,1,103/39,1,16/15],[0,0,0,0,1,1,0,8/5,3/5,16/25]]
334:[[1,0,0,0,0,757/1612,1949/1004,1,0,1],[0,1,0,0,0,8/9,8,1,0,8564/2481],[0,0,1,0,0,-11/19,-251/19,1,7/15,-125/19],[0,0,0,1,0,1,1,1,1,1],[0,0,0,0,1,8/9,0,1,7/15,7/15]]
79:[[1,0,0,0,0,23/28,-1,28/23,1,94/69],[0,1,0,0,0,23/28,0,1,1,94/69],[0,0,1,0,0,37/14,-1,-1,1,-7/3],[0,0,0,1,0,1,1,1,1,1],[0,0,0,0,1,23/20,0,0,1,-7/3]]
158:[[1,0,0,0,0,20054/5159,741/469,3/7,741/469,1],[0,1,0,0,0,1,1,1,1,1],[0,0,1,0,0,183/67,741/469,1,183/67,1],[0,0,0,1,0,741/469,741/469,3/7,-8/11,1],[0,0,0,0,1,-12/17,0,-12/17,-12/17,1]]
152:[[1,0,0,0,0,109223/23184,-3/16,16/7,53761/11592,1],[0,1,0,0,0,1,1,1,1,1],[0,0,1,0,0,7169/3312,-3/16,1,7169/3312,1],[0,0,0,1,0,-3/16,-3/16,16/7,-6/23,1],[0,0,0,0,1,-6/23,0,-6/23,-6/23,1]]
802:[[1,0,0,0,0,1,1,1,1,1],[0,1,0,0,0,1,1,-2,-2,4],[0,0,1,0,0,1,96/5,40,-8/5,40],[0,0,0,1,0,1,-32/13,-56/13,-8/13,-8/13],[0,0,0,0,1,1,0,-56/13,-8/5,4]]
84:[[1,0,0,0,0,1,1,0,1,1],[0,1,0,0,0,1,-2/3,0,-2/3,-1/9],[0,0,1,0,0,1,1/3,1,-2/3,1/3],[0,0,0,1,0,1,1,-3,2,1/3],[0,0,0,0,1,1,0,3/2,-2,1/3]]
753:[[1,0,0,0,0,1,3/4,0,-9/52,27/4],[0,1,0,0,0,1,2/7,2/7,30/91,0],[0,0,1,0,0,1,1,1,1,1],[0,0,0,1,0,1,3/4,2/3,389/572,3/4],[0,0,0,0,1,1,0,2/3,1,-3/2]]
410:[[1,0,0,0,0,115/72,371/360,1,17041/8280,1],[0,1,0,0,0,1,1,0,1,1],[0,0,1,0,0,3,3,720/11,3,1],[0,0,0,1,0,7/10,3,1,119/276,1],[0,0,0,0,1,-6/5,0,1,-17/23,1]]
154:[[1,0,0,0,0,157/117,-331/117,-331/117,157/117,1],[0,1,0,0,0,1,1,1,1,1],[0,0,1,0,0,742/1053,-331/117,-7,1,1],[0,0,0,1,0,-331/117,-331/117,-7,-3/2,1],[0,0,0,0,1,12/7,0,12/7,12/7,1]]
743:[[1,0,0,0,0,1,1,1,1,1],[0,1,0,0,0,1,25/96,-23/48,-23/48,23/25],[0,0,1,0,0,1,1/72,-23/62244,-23/48,1633/3600],[0,0,0,1,0,1,1,46/1729,-1633/50,-1633/50],[0,0,0,0,1,1,0,46/1729,-1,23/25]]
936:[[1,0,0,0,0,1,1,1,1,1],[0,1,0,0,0,1,5/2,25,1,5/8],[0,0,1,0,0,5/2,1,-215/49,1,115/196],[0,0,0,1,0,5/2,5/2,25/49,1,25/49],[0,0,0,0,1,7/2,0,-7,1,7/12]]
794:[[1,0,0,0,0,2,-1,1,-1/3,-5],[0,1,0,0,0,1,1,1,1,1],[0,0,1,0,0,0,1/7,1,-1/3,3],[0,0,0,1,0,-1/2,1/7,1,0,-5],[0,0,0,0,1,-1/2,-1,1,2/3,3]]
218:[[1,0,0,0,0,1,163/240,-1/3,163/240,4/5],[0,1,0,0,0,1,293/40,-10,-133/160,4/5],[0,0,1,0,0,1,1,1,1,1],[0,0,0,1,0,1,-1/3,-1/3,-1/3,-1],[0,0,0,0,1,1,0,-10,1,4/5]]
96:[[1,0,0,0,0,1/7,-82/63,1/7,1/7,1],[0,1,0,0,0,1,1,1,1,1],[0,0,1,0,0,67/409,-10/9,-10/9,1/3,1],[0,0,0,1,0,1,-10/9,-10/9,-5/3,1],[0,0,0,0,1,1/7,-10/9,0,1/7,1]]
1038:[[1,0,0,0,0,1,1,0,0,1],[0,1,0,0,0,1,-3,0,0,2],[0,0,1,0,0,1,2,0,0,-5/7],[0,0,0,1,0,0,0,1,1,0],[0,0,0,0,1,0,0,1,4/7,0]]
618:[[1,0,0,0,0,1,1,1,1,1],[0,1,0,0,0,1,4/7,9/14,9/7,0],[0,0,1,0,0,1,6/7,9/14,9/8,9/14],[0,0,0,1,0,1,1,3/8,9/8,3/4],[0,0,0,0,1,1,0,3/8,3/2,-3]]
305:[[1,0,0,0,0,-56347/16830,-1/90,1,12773/12942,-10/3],[0,1,0,0,0,-10/3,-10/3,1,-10/3,0],[0,0,1,0,0,1,1,1,1,1],[0,0,0,1,0,-9/5,1437/935,1,3,-10/3],[0,0,0,0,1,-10/3,0,1,1,-10/3]]
300:[[1,0,0,0,0,1,1,1,1,1],[0,1,0,0,0,9,1,-53/3,5,19],[0,0,1,0,0,1,1,-53/3,0,5],[0,0,0,1,0,353/17,1,-53/3,15,29],[0,0,0,0,1,5,1,0,5,5]]
86:[[1,0,0,0,0,1,1,0,1,1],[0,1,0,0,0,1,7/27,0,7/27,49/9],[0,0,1,0,0,1,1/3,1,7/27,7],[0,0,0,1,0,1,1,9/7,1/3,7],[0,0,0,0,1,1,0,3/2,2/9,7]]
279:[[1,0,0,0,0,1,1,1,1,1],[0,1,0,0,0,1,13766/627,13/66,13/66,1/3],[0,0,1,0,0,1,52/3,1/3,6131/27114,1/3],[0,0,0,1,0,1,52/3,-11/3,-1/2,1/3],[0,0,0,0,1,1,-11/3,-11/3,-11/3,11/3]]