CURRENT STATUS OF COMPUTATIONS:

No realization space known:
[952, 958, 967, 970, 971, 984, 985, 998, 1001]
(Heuristically, dimension 4)

Total 9


No self-dual realization space known:

[32, 41, 102, 122, 147, 156, 157, 163, 213, 215, 216, 217, 218, 220, 279, 285, 300, 302, 307, 308, 311, 312, 313, 314, 318, 319, 321, 322, 323, 325, 326, 329, 330, 331, 332, 336, 337, 342, 363, 364, 396, 397, 398, 399, 400, 401, 406, 407, 409, 410, 411, 412, 413, 492, 548, 549, 590, 592, 593, 594, 595, 624, 632, 636, 648, 682, 711, 715, 724, 725, 736, 750, 751, 752, 753, 764, 767, 772, 780, 784, 800, 801, 803, 804, 806, 807, 809, 810, 811, 812, 814, 816, 817, 818, 821, 822, 823, 824, 830, 831, 832, 834, 835, 837, 838, 839, 841, 842, 843, 844, 845, 846, 847, 848, 849, 850, 851, 852, 854, 855, 856, 858, 859, 860, 861, 863, 864, 865, 866, 867, 868, 869, 870, 872, 873, 875, 877, 878, 879, 880, 881, 882, 883, 884, 885, 887, 888, 889, 890, 891, 892, 893, 894, 895, 896, 897, 898, 899, 900, 901, 902, 903, 904, 905, 906, 907, 908, 909, 911, 913, 914, 915, 916, 918, 919, 921, 922, 923, 924, 925, 926, 927, 928, 929, 930, 931, 932, 933, 934, 935, 937, 941, 943, 944, 945, 946, 947, 948, 949, 950, 951, 952, 953, 954, 955, 956, 957, 958, 959, 960, 961, 962, 963, 964, 965, 966, 967, 968, 969, 970, 971, 972, 973, 974, 975, 976, 977, 978, 979, 980, 981, 982, 983, 984, 985, 986, 987, 988, 989, 990, 991, 993, 994, 995, 996, 997, 998, 999, 1000, 1001, 1003, 1004, 1005, 1006, 1007, 1008, 1009, 1010, 1011, 1012, 1013, 1014, 1015, 1016, 1017, 1018, 1019, 1020, 1021, 1022, 1023, 1024, 1025, 1026, 1027, 1028, 1029, 1030, 1031, 1032, 1033, 1034, 1035, 1036, 1037, 1038, 1039, 1040]

No SPECIALIZATION KNOWN:

[279, 983, 1001, 1021, 1036, 1037]

dim of realization spaces

[(279, 6), (983, 4), (1001,4)*
(1021, 6),  
(1036, 12), 
(1039, 12), 
(1037, 14), 
]

5 = 1+ 4

No genus 6 curve known?


No genus 6 curve known for matroid with rational self-dual point config known:
wrong betti table matroid: 
symmetric: 21, 16, 10, 1, 5, 11, 15, 4, 6, 2, 3, 18, 19, 1039
nonsymmetric betti: 1038 
